00000000000000000000000000000000000000000000000000000000000000000000000000000000
00000000000000000000001101101101101101101101101101101101100000000000000000000000
00000000000000000000001101101101101101101101101101101101100000000000000000000000
00000000000000000000000000000000000000000000000000000000000000000000000000000000
00000000000000000000001101101101101101101101101101101101100000000000000000000000
00000000000000000000001101101101101101101101101101101101100000000000000000000000
00000000000000000000000000000000000000000000000000000000000000000000000000000000
00000000000000000000001101101101101101101101101101101101100000000000000000000000
00000000000000000000001101101101101101101101101101101101100000000000000000000000
00000000000000000000000000000000000000000000000000000000000000000000000000000000
00000000000000000000001101101101101101101101101101101101100000000000000000000000
00000000000000000000001101101101101101101101101101101101100000000000000000000000
00000000000000000000000000000000000000111000000000000000000000000000000000000000
00000000000000000000001101101101101101101101101101101101100000000000000000000000
00000000000000000000001101101101101101101101101101101101100000000000000000000000
00000000000000000000000000000000000000000000000000000000000000000000000000000000
00000000000000000000001101101101101101101101101101101101100000000000000000000000
00000000000000000000001101101101101101101101101101101101100000000000000000000000
00000000000000000000000000000000000000000000000000000000000000000000000000000000
00000000000000000000001101101101101101101101101101101101100000000000000000000000
00000000000000000000001101101101101101101101101101101101100000000000000000000000
00000000000000000000000000000000000000000000000000000000000000000000000000000000
00000000000000000000001101101101101101101101101101101101100000000000000000000000
00000000000000000000001101101101101101101101101101101101100000000000000000000000
00000000000000000000000000000000000000000000000000000000000000000000000000000000
