00000000000000000000000000000000000000000000000000000000000000000000000000000000
00000000000000000000000000000000000000000000000000000000000000000000000000000000
00000000000000000000001000000111000000000000000001110000000010000000000000000000
00000000000000000000010000000000000000000000000000000000000001000000000000000000
00000000000000000000010001000000000000000000000000000000010001000000000000000000
00000001110000000000011110000000000000000000000000000000001111000000000000011100
00000001110000000000000000000000000001110001110000000000000000000000000000011100
00000001110000000000000000000000000000000000000000000000000000000000000000011100
00000000001110000000000000000000000100001010000100000000000000000000000011100000
00000000001110000001000000000000000100001010000100000000000000000100000011100000
00000000001110000010000000000000000100001010000100000000000000000010000011100000
00000000000000000010001000000000000001110001110000000000000000100010000000000000
00000000000000000011110000000000000000000000000000000000000000011110000000000000
00000000000000000000000000000000000001110001110000000000000000000000000000000000
00000000000000000000000000000000000100001010000100000000000000000000000000000000
00000000001110000000000000000000000100001010000100000000000000000000000011100000
00000000001110000000000000000000000100001010000100000000000000000000000011100000
00000000001110000000000000000000000000000000000000000000000001000000000011100000
00000001110000000000000000000100000001110001110000000000000010000000000000011100
00000001110000000000000000000010000000000000000000000000000010001000000000011100
00000001110000000000000000001110000000000000000000000000000011110000000000011100
00000000000000000000000000000000000000000000000000000000000000000000000000000000
00000000000000000000000000000000000000000000000000000000000000000000000000000000
00000000000000000000000000000000000000000000000000000000000000000000000000000000
00000000000000000000000000000000000000000000000000000000000000000000000000000000