00000000000000000000000000000000000000000000000000000000000000000000000000000000
00000000000000000000000000010000000000000000000000000000000000000000000000000000
00000000000000000000000011110000000000000000000000000000000000000000000000000000
00000000000000010000000111100000000011000000000000000000000000000000000000000000
00000000000000101000000100100000000011000000000000000000000000000000000000000000
00110000000001000110000111100000100000000000000000000000000000000000000000000000
00110000000001000110000011110000100000000000000000000000000000000000000000000000
00000000000001000110000000010000000000000000000000000000000000000000000000000000
00000000000000101000000000000000000000000000000000000000000000000000000000000000
00000000000000010000000000000000000000000000000000000000000000000000000000000000
00000000000000000000000000000000000000000000000000000000000000000000000000000000
00000000000000000000000000000000000000000000000000000000000000000000000000000000
00000000000000000000000000000000000000000000000000000000000000000000000000000000
00000000000000000000000000000000000000000000000000000000000000000000000000000000
00000000000000000000000000000000000000000000000000000000000000000000000000000000
00000000000000000000000000000000000000000000000000000000000000000000000000000000
00000000000000000000000000000000000000000000000000000000000000000000000000000000
00000000000000000000000000000000000000000000000000000000000000000000000000000000
00000000000000000000000000000000000000000000000000000000000000000000000000000000
00000000000000000000000000000000000000000000000000000000000000000000000000000000
00000000000000000000000000000000000000000000000000000000000000000000000000000000
00000000000000000000000000000000000000000000000000000000000000000000000000000000
00000000000000000000000000000000000000000000000000000000000000000000000000000000
00000000000000000000000000000000000000000000000000000000000000000000000000000000
00000000000000000000000000000000000000000000000000000000000000000000000000000000

