00000000000000000000000000000000000000000000000000000000000000000000000000000000
00000000000000000000000000000000000000000000000000000000000000000000000000000000
00000000000000000000000000000000000000000000000000000000000000000000000000000000
00000001000000000000000000000000000000001000000000000000000000000000000000000000
00000000100000000000000110000000000000000100000000000000000000000000000000000000
00001000100000000000010000100000000010000100000000000000000000000000000000000000
00000111100000000000000000010000000001111100000000000000000000000000000000000000
00000000000000000000010000010000000000000000000000000000000000000000000001000000
00000000000000000000001111110000000000000000000000000000000000000000000000100000
00000000000000000000000000000000000000000000000000000010000000000000001000100000
00000000100000000000000000000000000000000000000000000001000000000000000111100000
00000000010000000000000000000000000000000000000001000001000000000000000000000000
00001000010000000011111111111100000000000000000000111111000000000000000000000000
00000111110000000100000000000100000000000000000000000000000000000000000000000000
00000000000000000000000000000100000000000000000000000000000000000000000001000000
00000000000000000100000000001000000000001000000000000000000000000000000000100000
00000000000000000001100000000000000000000100000000000000000000000000001000100000
00000001000000000000010000100000000010000100000000000000000000000000000111100000
00000000100000000000000000010000000001111100000000000000000000000000000000000000
00001000100000000000010000010000000000000000000000000000000000000000000000000000
00000111100000000000001111110000000000000000000000000000000000000000000000000000
00000000000000000000000000000000000000000000000000000000000000000000000000000000
00000000000000000000000000000000000000000000000000000000000000000000000000000000
00000000000000000000000000000000000000000000000000000000000000000000000000000000
00000000000000000000000000000000000000000000000000000000000000000000000000000000
