0000000000000000000000000000000000000000000000000000000000000000000000000000000000
0000010000110000110001100001000000000010000010001100000000010001100000010000000000
0000101001001000110010010010100101100101000101001010011100010001100001100000111000
0000101000101000000010010001000110100010100011000110000000010000011000011001110000
0000010000010000000001100000000000000001000000000000000000000000011000100000000000
0000000000000000000000000000000000000000000000000000000000000000000000000000000000
0000000000000000000000000000000000000000000000000000000000000000000000000000000000
0000000000000000000000000000000000000000000000000000000000000000000000000000000000
0000000100000100000000000000000000000000000000011000000000000000000000000000000000
0000000100000100000000000000000000000000000000011000000000000000000000000000000000
0000000110001100000000000000000000000000000000000000000000000000000000000000000000
0000000000000000000000000000000000000000000001111000000000000000110111111000000000
0001110011011001110000001110000000000000000010000101100000000000110111111000000000
0000010101010101000000001110000000000000000011000101100000000000110000000000000000
0000000110001100000000001110000000000000011010010100000000000000110000011000000000
0000000000000000000000000001110000000000011010100100000000000000110000011000000000
0000000110001100000000000001110000000000000001111000000000000000110000011000000000
0000010101010101000000000001110000000000000000000000000000000000000000011000000000
0001110011011001110001000000000000000000000000011000000000000000111111011000000000
0000000000000000000000000000000000000000000000011000000000000000111111011000000000
0000000110001100000000000000000000000000000000000000000000000000000000000000000000
0000000100000100000000000000000000000000000000000000000000000000000000000000000000
0000000100000100000000000000000000000000000000000000000000000000000000000000000000
0000000000000000000000000000000000000000000000000000000000000000000000000000000000
0000000000000000000000000000000000000000000000000000000000000000000000000000000000
0000000000000000000000000000000000000000000000000000000000000000000000000000000000
0000000000000000000000000000000000000000000000000000000000000000000000000000000000  